0000
0010
0011
0111
1111
1101
1001
0001
0011
0111
1111
1101
1111
1101
1001
0001
0011
0001
0101
1101
1111
1101
1111
1011
0011
0111
1111
1101
0101
0111
0011
1011
1001
0001
0011
0111
1111
1011
1111
1101
0101
0111
0101
0111
0101
0001
0011
1011
1001
0001
0011
0111
1111
1101
1111
1101
1001
0001
0011
0001
0101
1101
1111
1101
1001
1011
0011
1011
0011
1011
0011
1011
0011
1011
0011
1011
0011
1011
0011
1011
0011
1011
0011
1011
0011
0010
0011
0111
1111
1101
1001
0001
0011
0111
1111
1101
1111
1101
1001
0001
